0 0.23046875 0.25859375 0.4609375 0.3609375
0 0.453125 0.23828125 0.1125 0.4015625
0 0.7546875 0.12109375 0.490625 0.2421875
0 0.04375 0.96328125 0.0875 0.0734375
0 0.04140625 0.84609375 0.0828125 0.1046875
0 0.04140625 0.7234375 0.0828125 0.103125
0 0.05234375 0.628125 0.1046875 0.084375
0 0.03984375 0.475 0.0796875 0.071875
0 0.1546875 0.62265625 0.071875 0.08125
0 0.15390625 0.48359375 0.1046875 0.078125
0 0.29296875 0.48359375 0.09375 0.0875
0 0.2890625 0.6234375 0.115625 0.084375
0 0.22890625 0.79296875 0.1953125 0.16875
0 0.434375 0.79140625 0.15 0.1453125
0 0.446875 0.5484375 0.125 0.203125
0 0.71328125 0.86875 0.4078125 0.2625