0 0.32421875 0.18984375 0.2296875 0.3796875
0 0.96953125 0.1359375 0.0609375 0.075
0 0.97421875 0.2546875 0.0515625 0.08125
0 0.978125 0.0265625 0.04375 0.053125
0 0.88125 0.0359375 0.1125 0.071875
0 0.87734375 0.15390625 0.0765625 0.09375
0 0.88828125 0.26875 0.109375 0.06875
0 0.884375 0.3671875 0.0625 0.025
0 0.759375 0.3703125 0.109375 0.01875
0 0.75078125 0.26484375 0.1046875 0.078125
0 0.7515625 0.1578125 0.1125 0.075
0 0.7375 0.0359375 0.0875 0.071875
0 0.55546875 0.30546875 0.2328125 0.1484375
0 0.55625 0.075 0.209375 0.15
0 0.21171875 0.81171875 0.4234375 0.3765625
0 0.7015625 0.7359375 0.525 0.528125