0 0.08515625 0.2 0.1703125 0.4
0 0.61328125 0.2 0.5265625 0.4
0 0.175 0.58046875 0.35 0.3609375
0 0.39453125 0.96875 0.0890625 0.0625
0 0.39765625 0.83671875 0.0953125 0.0890625
0 0.52421875 0.9671875 0.1234375 0.065625
0 0.50625 0.83359375 0.10625 0.0796875
0 0.45234375 0.71328125 0.2046875 0.1046875
0 0.45234375 0.590625 0.2046875 0.103125
0 0.3921875 0.496875 0.0796875 0.04375
0 0.51015625 0.4953125 0.134375 0.084375
0 0.6265625 0.48984375 0.071875 0.08125
0 0.7609375 0.490625 0.115625 0.084375
0 0.70078125 0.66015625 0.1953125 0.16875
0 0.69453125 0.909375 0.21875 0.13125
0 0.92578125 0.925 0.11875 0.14375
0 0.915625 0.65859375 0.16875 0.1453125