0 0.20078125 0.16953125 0.3765625 0.3390625
0 0.96484375 0.07265625 0.0703125 0.1453125
0 0.5609375 0.2625 0.128125 0.153125
0 0.7875 0.2828125 0.203125 0.1125
0 0.8 0.06328125 0.2 0.1265625
0 0.5703125 0.059375 0.178125 0.11875
0 0.29609375 0.4625 0.1859375 0.246875
0 0.1484375 0.5375 0.296875 0.284375
0 0.09140625 0.76796875 0.1828125 0.2640625
0 0.73203125 0.7453125 0.509375 0.509375
0 0.74453125 0.3671875 0.5109375 0.05625
0 0.78984375 0.5296875 0.4203125 0.29375
0 0.50625 0.54140625 0.234375 0.3671875
0 0.43125 0.84609375 0.084375 0.3078125