0 0.2703125 0.175 0.540625 0.35
0 0.7796875 0.14375 0.440625 0.2875
0 0.51875 0.40625 0.08125 0.096875
0 0.51953125 0.55234375 0.0796875 0.0953125
0 0.465625 0.6671875 0.1875 0.096875
0 0.459375 0.78203125 0.2 0.0984375
0 0.41328125 0.88203125 0.1375 0.08125
0 0.2984375 0.9890625 0.109375 0.021875
0 0.2953125 0.8859375 0.0625 0.08125
0 0.23046875 0.715625 0.18125 0.1625
0 0.22578125 0.478125 0.2328125 0.125
0 0.0296875 0.46875 0.059375 0.15
0 0.053125 0.725 0.10625 0.1375
0 0.17109375 0.8765625 0.109375 0.0859375
0 0.16171875 0.98828125 0.1046875 0.0234375
0 0.7796875 0.603125 0.440625 0.50625