0 0.48125 0.021875 0.16875 0.04375
0 0.365625 0.0421875 0.1125 0.084375
0 0.26640625 0.0484375 0.0828125 0.096875
0 0.02734375 0.040625 0.0546875 0.08125
0 0.121875 0.0390625 0.096875 0.078125
0 0.03359375 0.15390625 0.0671875 0.0765625
0 0.1359375 0.14296875 0.078125 0.1140625
0 0.2625 0.146875 0.0828125 0.0625
0 0.4328125 0.21171875 0.175 0.175
0 0.6703125 0.21640625 0.1375 0.2390625
0 0.67890625 0.440625 0.1421875 0.1421875
0 0.42265625 0.42265625 0.1609375 0.1609375
0 0.271875 0.27109375 0.0984375 0.1
0 0.13203125 0.28046875 0.0953125 0.0953125
0 0.0375 0.2796875 0.075 0.1
0 0.68515625 0.65859375 0.1484375 0.1828125
0 0.43671875 0.68046875 0.1765625 0.1390625
0 0.19921875 0.58203125 0.3546875 0.3359375
0 0.8796875 0.38203125 0.240625 0.7359375
0 0.31328125 0.875 0.5828125 0.25